90|20191210000000000090|              0000000090|head000090              |051862977112|88800000047986820000|88800000047986820   |0000000005|b
91|20191210000000000091|              0000000091|head000091              |051862977128|88800000047986828000|88800000047986828   |0000000004|b
92|20191210000000000092|              0000000092|head000092              |051862984560|88800000047986837000|88800000047986837   |0000000003|b
93|20191210000000000093|              0000000093|head000093              |051862984560|88800000047986846000|88800000047986846   |0000000003|c
94|20191210000000000094|              0000000094|head000094              |051862977112|88800000047986855000|88800000047986855   |0000000005|b
95|20191210000000000095|              0000000095|head000095              |051862984568|88800000047986864000|88800000047986864   |0000000003|a
96|20191210000000000096|              0000000096|head000096              |051862977120|88800000047986873000|88800000047986873   |0000000004|c
97|20191210000000000097|              0000000097|head000097              |051862984560|88800000047986820000|88800000047986820   |0000000003|b
98|20191210000000000098|              0000000098|head000098              |051862977120|88800000047986828000|88800000047986828   |0000000005|a
99|20191210000000000099|              0000000099|head000099              |051862977112|88800000047986837000|88800000047986837   |0000000004|a
100|20191210000000000100|              0000000100|head000100              |051862984568|88800000047986846000|88800000047986846   |0000000002|b
101|20191210000000000101|              0000000101|head000101              |051862977128|88800000047986855000|88800000047986855   |0000000003|a
102|20191210000000000102|              0000000102|head000102              |051862984568|88800000047986864000|88800000047986864   |0000000002|a
103|20191210000000000103|              0000000103|head000103              |051862977120|88800000047986873000|88800000047986873   |0000000001|b
104|20191210000000000104|              0000000104|head000104              |051862977112|88800000047986820000|88800000047986820   |0000000004|b
